[15311.625775] [Project1] 4523 1588066144.052297598 1588066144.816513114
[15313.145925] [Project1] 4524 1588066145.578444855 1588066146.336796263
[15314.664872] [Project1] 4525 1588066147.089242821 1588066147.855781478
[15316.195208] [Project1] 4526 1588066148.615604632 1588066149.386153624
[15317.721306] [Project1] 4527 1588066150.147126856 1588066150.912288929
[15319.246837] [Project1] 4528 1588066151.667815723 1588066152.437856937
[15320.869399] [Project1] 4529 1588066153.210739964 1588066154.060460683
[15322.454736] [Project1] 4530 1588066154.832090975 1588066155.645835110
[15324.140473] [Project1] 4531 1588066156.449642849 1588066157.331615168
[15325.701260] [Project1] 4532 1588066158.119662534 1588066158.892440999
